CustomerID,TotalTransactions,TotalSpending,transaction_Recency,UniqueProducts,SignupDuration,Region_Europe,Region_North America,Region_South America,FavouriteCategory_Clothing,FavouriteCategory_Electronics,FavouriteCategory_Home Decor
1,5,-0.06170142816431181,0.19739919685671362,5,1.1487519955815033,0,0,1,0,1,0
2,4,-0.877743531947443,-0.2740184043453252,4,1.6004306757619589,0,0,0,1,0,0
3,4,-0.40585722136043945,0.37997133142628964,4,-0.7132703186318035,0,0,1,0,0,1
4,8,1.032547041934244,-0.7690523015613392,8,0.8691413840412213,0,0,1,0,0,0
5,3,-0.7839286123220244,0.06660124970239087,3,1.0381368085985345,0,0,0,0,1,0
6,4,0.4158794206926657,0.30276420984214064,4,-0.528911673660189,0,0,1,0,0,0
7,3,-0.4854822925014072,0.8659220378676978,3,1.2163501654044286,0,0,0,0,1,0
8,10,0.4399704356215487,-0.4565905389149012,10,-0.5473475381573504,0,1,0,0,0,1
9,3,-1.4063017123489852,-0.7690523015613392,3,-0.08030563756259357,1,0,0,1,0,0
10,4,-0.9571662035533585,0.43901207146122706,4,0.663274230489585,1,0,0,1,0,0
11,5,0.1436958081094616,0.12473367065986754,5,0.6724921627381658,0,0,1,0,0,0
12,7,0.9649237161960846,-1.1297847351813965,6,-1.1833848633094206,0,0,1,0,0,1
13,7,1.385750641372963,-0.09949138160468583,7,-0.9375733366806012,0,0,1,1,0,0
14,1,-1.7223950835230486,2.8278912451825424,1,-1.0420432354978495,1,0,0,0,0,1
15,2,-1.2635389267872257,0.37542973603898677,2,-0.3814247576828973,0,1,0,0,0,0
16,5,0.22269726987216107,-0.9652492222928238,5,-0.516621097328748,0,1,0,1,0,0
17,8,0.7037517323712461,0.6751750316009769,8,-0.42751441892580094,1,0,0,0,0,0
18,5,0.7190848647158556,1.323714852907828,5,-1.3216538470381314,0,1,0,0,0,0
19,6,-0.7010104460431852,-0.1059793750151186,6,0.5772401961694983,1,0,0,0,0,0
20,1,-1.3921282746376464,2.609894666592004,1,-1.0082441505863868,0,1,0,0,1,0
21,8,1.0681255980417497,1.226978871158277,8,0.28533900829777525,0,0,0,0,0,0
22,6,0.6497329375431989,0.018157565571160314,6,-0.3076812996942515,0,0,0,1,0,0
23,6,0.9252041750065709,-1.4775411819805886,6,1.5420504381876143,1,0,0,0,0,0
24,7,0.08736309427257756,0.6115926961787366,7,-0.6180183520631359,0,1,0,0,0,0
25,4,-1.0270432754656091,0.634300673115251,4,1.1671878600786647,0,0,1,0,0,1
26,4,0.04471149495366286,-0.4829317921612577,4,-0.8884110313548372,0,1,0,0,1,0
27,4,-0.494716087505938,0.37542973603898677,4,0.7738894174725538,0,0,0,0,0,0
28,8,1.8337702175969515,0.2845978282929291,6,-1.063551744077871,0,0,0,0,1,0
29,4,-0.9197934029189061,-0.7690523015613392,4,1.4099267426246238,0,1,0,1,0,0
30,5,-0.5019696492215825,-0.1550286051979895,5,-0.5995824875659745,0,1,0,1,0,0
31,4,-0.7997157760560744,-0.9416329262788486,4,-0.8208128615319119,0,0,1,0,0,1
32,3,-1.528561972035755,-0.36939190747868567,3,-0.8392487260290734,0,0,1,0,0,0
33,1,-1.8241528173348291,-0.26039361818341655,1,-1.1741669310608398,0,1,0,1,0,0
34,6,-0.21559071789622303,-0.9386051960206468,6,-0.21550197720844422,0,1,0,1,0,0
35,4,-0.48122096174990836,0.7750901301216403,4,-1.352380287866734,0,1,0,0,1,0
36,3,-0.8694177997217936,0.3935961175881983,3,-1.0850602526578927,0,1,0,0,0,0
37,5,0.4296644701070133,-0.6600540122660701,5,0.5065693822637127,1,0,0,0,0,1
38,5,-0.4214638665902541,0.6115926961787366,5,1.4099267426246238,0,1,0,0,0,1
39,6,0.4224601407107056,-0.9719102288608676,6,-1.3892520168610567,0,0,1,0,1,0
40,3,0.27465377754576,1.895350325656351,2,1.5328325059390335,0,0,0,1,0,0
41,7,1.467377826833633,0.6401398671846406,7,-0.49511258874872627,1,0,0,0,0,0
42,3,-0.5824863723683196,-1.3140437480376848,3,0.38673626303216324,0,1,0,1,0,0
43,3,-1.2778491209411669,-0.12717348682253188,3,0.5034967381808525,0,0,0,0,0,0
44,3,-0.12975690426109548,-0.6418876307168585,3,-1.0973508289893337,1,0,0,0,0,0
45,7,1.3973694687364842,0.11331480225750644,7,1.563558946767636,0,0,0,0,1,0
46,7,1.1818577259678182,0.47145203851339035,7,-1.4199784576896592,0,1,0,0,0,0
47,7,-0.3264509605276362,1.325271971326332,7,-0.7593599798747072,0,1,0,0,0,0
48,5,0.20985310478291982,-0.3730251837885278,5,-1.4660681189325628,0,0,1,0,1,0
49,8,-0.6300830846517461,1.5289949644139185,8,-1.3124359147895508,0,1,0,1,0,0
50,3,-0.21798122051291757,-0.07872980269130131,3,-0.6979070982175023,0,1,0,0,1,0
51,7,1.2211013547370748,-0.13063374997476287,7,-0.4766767242515648,1,0,0,0,1,0
52,4,-0.5357047284828045,0.3935961175881983,3,-0.6641080133060396,0,0,1,0,0,1
53,6,1.0115303118350685,-0.46930700599934905,6,1.2163501654044286,1,0,0,1,0,0
54,8,2.5015902186296253,0.5525519561437992,8,-1.3462349997010135,0,0,0,0,1,0
55,5,-0.33348571193511645,0.488061301644098,5,-1.4783586952640038,0,1,0,0,1,0
56,5,-0.15556010985136345,0.2518983415043482,5,-0.8238855056147721,0,0,0,1,0,0
57,6,0.5848173893685725,0.08173990099340064,6,-1.149585778397958,1,0,0,0,0,0
58,1,-1.6799021216775527,2.573561903493581,1,-0.5934371994002541,0,1,0,1,0,0
59,8,1.972556125807826,0.42084568991201554,8,-0.808522285200471,0,1,0,0,0,1
60,1,-1.8516572730710743,-1.3322101295868964,1,1.3914908781274624,1,0,0,0,0,1
61,3,-0.7270269916839133,-0.666109472782474,3,0.41439005977790544,1,0,0,1,0,0
62,3,-0.9998396839030899,0.8417001958020829,2,0.6663468745724453,1,0,0,1,0,0
63,2,-1.1428158095153096,-0.08781299346590707,2,-0.6180183520631359,1,0,0,0,0,0
64,5,0.3131479810095544,1.2292496688519283,5,-0.2923180792799503,1,0,0,0,0,0
65,10,2.2955310811736545,-0.36939190747868567,10,-1.0973508289893337,0,1,0,0,0,1
66,3,0.1815937534835081,0.30276420984214064,3,-1.4906492715954447,1,0,0,0,1,0
67,6,0.341084587104424,-0.4995843085813681,6,0.03952748166895587,0,1,0,1,0,0
68,8,1.3583227692445752,-0.28310159511993094,8,0.3252833813749584,0,1,0,0,1,0
69,5,-0.32199270049878975,-0.5982883149987508,5,-0.4213691307600805,1,0,0,0,1,0
70,4,-0.18698674036145282,0.7160493900867028,4,1.5082513532761517,1,0,0,0,0,0
71,3,-1.1304202055578052,-0.44205743367553174,3,1.1764057923272455,0,0,1,0,0,0
72,5,-0.25585728485614767,-0.12596239471925116,5,-1.1403678461493771,0,1,0,0,1,0
73,3,-0.7695418345602255,2.0285704570172354,3,1.0227735881842335,1,0,0,0,0,0
74,3,-0.2254262412482057,1.7318528917134475,3,1.283948335227354,1,0,0,0,0,0
75,9,1.3028270048364194,-0.5349078282603907,9,0.24232199113773187,1,0,0,0,0,0
76,5,-0.6204663716079277,0.557093551531102,5,-0.6364542165602974,0,0,1,0,0,1
77,3,-1.438685637957293,-0.7751077620777432,3,-0.2800275029485093,0,0,1,1,0,0
78,1,-1.3521352205629271,-3.094349139860414,1,-1.4845039834297242,0,0,0,0,0,0
79,4,0.429002568924816,0.9885451133248756,4,1.6342297606734215,0,1,0,0,0,1
80,1,-1.3455709113179999,1.84690664152512,1,-0.6241636402288564,0,0,0,0,0,1
81,6,0.041117535642065106,0.6418699987607556,6,-0.6763985896374806,1,0,0,0,0,0
82,7,2.245866611478076,-1.7552272999471077,7,1.3269653523873974,0,0,1,0,0,0
83,3,-1.5450821503021555,-1.5380957871446272,3,1.437580539370366,0,0,1,1,0,0
84,9,0.5326858334484423,-0.6600540122660701,8,-1.3093632707066905,0,0,0,0,1,0
85,3,-0.4753568454911068,-0.2967263812818396,3,-1.3247264911209917,0,0,1,0,0,0
86,5,-0.3898293662874089,-1.35400978744595,5,0.9336669097812864,1,0,0,0,0,1
87,7,1.715973688196732,0.8711124325960439,7,-0.8208128615319119,0,0,1,0,0,0
88,5,-0.7286024259026959,-1.5029741161494847,5,0.20237761806054871,0,0,0,1,0,0
89,2,-0.49839210068309714,-0.3148927628310511,2,-0.7931590647861698,1,0,0,0,0,1
90,7,0.36696984656025367,0.596021511993698,7,-0.2769548588656491,0,0,0,0,0,0
91,6,-0.18032943673555574,0.5661767423057077,5,0.383663618949303,0,0,1,0,1,0
92,4,-0.24690794325223037,-0.06056342114208979,3,-0.9682997775092036,0,0,0,1,0,0
93,9,0.9997856685443527,-0.08882223688530748,8,-1.1065687612379145,0,0,0,1,0,0
94,4,-1.258347652226029,0.5298439792072847,4,-0.18170289229698156,0,1,0,0,0,0
95,2,-1.1941815293568652,0.6025095054041308,2,0.4205353479436259,0,0,1,0,1,0
96,5,1.4253334261198742,-0.11142928947988226,5,0.7462356207268116,0,0,1,0,1,0
97,1,-1.8214723910598172,1.6470764444837933,1,-0.46745879200298407,0,0,0,0,0,1
98,8,-0.16919199204999577,0.5866139215485707,8,-1.4138331695239388,0,1,0,1,0,0
99,8,1.7769615913398105,-0.5328893414215894,8,0.5250052467608741,0,0,1,1,0,0
100,6,0.8403057754388452,0.7993119721872552,6,0.383663618949303,1,0,0,0,0,1
101,8,1.1398242657694675,-0.5124521621787265,7,-0.22471990945702497,0,0,0,0,0,0
102,8,1.4578486379130806,0.3890545222008954,7,0.9398121979470069,0,0,1,0,1,0
103,5,-0.5496320045974588,-0.5219895124920626,5,1.320820064221677,1,0,0,1,0,0
104,8,1.7022269305863138,-0.8757797931629568,8,1.6096486080105397,0,0,1,0,0,1
105,6,0.7330887244383668,0.0030189142801505396,6,-1.4783586952640038,1,0,0,0,1,0
106,5,-0.28883746855420295,-1.6882712079514421,5,0.9213763334498454,0,0,0,1,0,0
107,5,0.08566731438430474,0.1828660916173447,5,0.497351450015132,0,0,1,1,0,0
108,7,0.7555660133445387,0.15483796008427547,7,0.902940468952684,0,0,1,1,0,0
109,11,1.1049568431634955,-0.5444497660438147,10,1.3392559287188384,0,1,0,1,0,0
110,1,-1.3812369915487712,3.100386968420715,1,-1.3216538470381314,0,0,0,0,0,1
111,5,-0.8174175299865616,0.39722939389804035,5,-1.4845039834297242,1,0,0,1,0,0
112,3,-0.8248078481448089,0.27854236777652513,3,1.1579699278300841,0,0,1,0,1,0
113,8,0.7356323942707764,0.9817327202439213,7,1.219422809487289,0,0,1,0,0,1
114,5,1.2653338585324767,0.21919885471576778,5,-1.4998672038440255,1,0,0,0,1,0
115,3,-0.18059200910535284,-0.8477732882745893,3,-1.4783586952640038,0,0,0,0,1,0
116,6,-0.38764126320576625,0.169544078481256,6,-1.290927406209529,0,1,0,0,0,0
117,4,0.3068571846498327,0.4844280253342559,4,-1.5121577801754664,0,1,0,0,0,0
118,6,-0.017802610088861078,-1.3382655901033005,6,1.6680288455848842,0,0,1,0,0,0
119,5,-1.2448689372431117,-0.9725157749125081,5,-0.3599162491028756,1,0,0,0,1,0
120,3,-0.5455457220924914,0.5328717094654865,3,0.5741675520866381,0,0,1,0,1,0
121,4,-1.3636227617415497,0.14380837128653984,4,-0.012707467739668242,1,0,0,0,0,0
122,7,0.8781052561742182,-0.08911059214799383,7,1.3484738609674192,0,1,0,0,0,0
123,2,-1.1308414154010213,-1.8862847668378477,2,-0.33533509643999365,0,0,0,0,0,0
124,7,0.43598808801295963,0.897064406237775,7,-1.2417651008837651,1,0,0,0,0,1
125,4,-0.2698775553517715,1.1475009518804764,4,0.6540562982410043,0,1,0,0,0,0
126,6,0.6007741310914498,-0.2089222037939837,6,-0.6641080133060396,0,0,1,0,0,0
127,6,-0.12824164287705786,0.4178179596538138,6,-0.7993043529518903,1,0,0,0,1,0
128,2,-1.4737554600983167,1.7469915430044567,2,0.15628795681764507,0,0,0,0,0,1
129,3,-0.6168833528117381,-1.1263244720291656,3,-0.8300307937804927,0,0,1,1,0,0
130,1,-1.5677508982279706,0.6842582223755826,1,0.2791937201320548,0,0,1,0,1,0
131,3,-0.8333906824825512,0.33909697294056373,3,1.2562945384816118,0,1,0,0,0,0
132,3,-0.8840233877917568,-2.5190803908020487,2,0.5157873145122934,1,0,0,0,0,0
133,4,-0.318907475153674,0.6615502454390683,4,0.3990268393636042,0,0,1,1,0,0
134,5,-0.4310751093763682,-1.0270149195601426,5,1.5819948112647975,0,0,0,1,0,0
135,4,-0.18146725033800976,1.1520425472677793,4,1.0135556559356527,1,0,0,0,0,0
136,6,0.4549480012153911,0.6025095054041308,6,-0.7347788272118252,0,0,0,0,0,1
137,5,-0.07371958434023292,0.8114228932200633,5,-0.8146675733661914,0,0,1,0,0,0
138,5,1.172241012924,-0.8707840382369236,4,-1.4476322544354014,0,0,0,0,0,1
139,8,0.12927620880143798,-0.13095814964528443,8,1.511323997359012,0,1,0,0,0,0
140,2,-0.8638490773790137,-1.4775411819805886,2,0.05489070208325709,0,0,0,0,1,0
141,10,3.942171644490543,-0.5764886571396971,10,0.4481891446893681,1,0,0,1,0,0
142,4,-0.6718977345419327,-0.6328044399422528,4,-0.6272362843117167,0,0,0,0,0,0
143,7,1.409858067074958,-0.2188704603566475,6,-0.9621544893434831,0,0,0,1,0,0
144,2,-1.1830167333827848,1.093001807232842,2,-1.3493076437838736,0,1,0,1,0,0
145,8,1.2603231024755157,0.1415375735928884,7,0.5741675520866381,0,0,0,1,0,0
146,4,-0.49041646495051056,-0.6736787984279787,4,-1.2694188976295073,0,0,0,0,1,0
147,9,-0.2838376530126501,-0.7004237490420958,9,1.3177474201388166,0,0,1,0,0,0
148,5,1.0888414639671993,0.26279817043387554,5,0.2884116523806355,0,0,1,0,1,0
149,5,0.5128178574671288,0.18649936792718683,5,0.5495863994237561,1,0,0,1,0,0
150,1,-1.5792493799220015,0.4844280253342559,1,0.9490301301955876,0,0,1,1,0,0
151,1,-1.7741984239809327,-3.3668448630985868,1,-1.5121577801754664,0,0,1,0,0,1
152,5,-0.04455764051964389,0.45172853854567496,5,1.4007088103760432,0,0,1,0,0,1
153,6,0.6988120896644384,-0.7054699661390988,6,1.4928881328618504,0,0,1,0,0,0
154,6,0.1292597980283258,1.0142808205195923,6,-1.4322690340211002,0,1,0,0,1,0
155,7,1.0451012833651672,-0.6782203938152815,7,0.36215511036928133,0,0,1,0,0,0
156,11,2.2795305773891443,-0.2967263812818396,10,-0.09566885797689478,0,1,0,0,0,0
157,5,-0.8704352676547574,0.026635210294125727,5,-0.5995824875659745,0,1,0,0,1,0
158,4,0.13632190072432662,-0.06510501652939267,4,0.30070222871207647,0,0,1,0,0,1
159,3,-0.7630486386654517,-0.702442235880897,3,1.0657906053442767,0,0,0,0,0,1
160,5,-0.2956041773341823,1.7560747337790625,5,1.4437258275360865,0,1,0,0,0,1
161,8,-0.17804833927294347,1.274665622724957,8,1.511323997359012,0,0,0,0,0,0
162,8,0.7302387201745276,0.8295892747692748,8,1.4652343361161082,0,0,0,0,1,0
163,6,1.2625166758148618,0.10596174305901566,5,0.12556151598904267,0,0,1,0,0,1
164,5,-0.2076643144829735,0.2664314467437176,5,0.14707002456906434,1,0,0,0,0,1
165,9,1.7727932549692818,-1.0455849984771146,6,1.4314352512046455,0,0,1,0,0,0
166,4,-0.5809218786649449,-1.3594597019107137,4,1.6004306757619589,1,0,0,0,0,1
167,3,-0.6383212927541297,-0.1513953288881474,3,-0.5903645553173937,1,0,0,0,0,0
168,4,0.8678649337521316,0.45717845301043863,4,0.6694195186553056,0,0,1,0,0,0
169,6,0.5831325499957078,-0.8084127949179639,6,0.29762958462921624,0,0,1,0,0,0
170,5,0.8010785574427008,0.6515587355870017,5,-0.17248496004840083,1,0,0,0,0,1
171,5,0.9179287322601103,1.0584856822893405,5,0.6602015864067248,0,0,1,0,0,0
172,6,-0.6923236768090647,-0.242227236634205,6,-1.2847821180438086,1,0,0,0,0,1
173,8,1.2804372400535133,1.1838337149788996,8,0.878359316289802,0,0,0,0,0,0
174,5,-0.3147391387831453,-0.7581524726318124,5,0.7923252819697152,0,0,1,0,0,0
175,10,1.500609642386077,-1.008848538010931,10,1.4099267426246238,0,0,0,0,0,0
176,3,-0.6214181964484421,1.3866916422784286,3,1.4836702006132698,0,1,0,1,0,0
177,4,-0.5237795666878534,-0.8099266600470652,4,-0.9775177097577843,0,0,0,0,0,0
178,4,-0.41491049786073503,-1.6183306389869778,4,-0.37835211360003707,0,0,0,0,0,1
179,6,0.10148182940687522,0.4511229924940346,6,0.8476328754611996,1,0,0,0,0,1
181,6,-0.06548684649555322,-0.9053001631804256,6,-0.3691341813514563,0,0,1,0,1,0
182,5,0.8278992309659325,1.3418812344570397,5,-1.6227729671584352,1,0,0,0,0,1
183,5,0.20945924622822454,0.019368657674441014,5,-0.5780739789859528,0,1,0,1,0,0
184,7,-0.040553411880237936,0.7621141433007748,6,1.3269653523873974,0,0,1,0,1,0
185,3,-0.02351902938965204,1.059696774392621,3,-0.2769548588656491,0,1,0,0,0,0
186,3,-0.9330478373359552,-1.2958773664884733,3,-0.25851899436848763,0,0,0,0,1,0
187,5,0.6264132289505948,0.8041563406003791,5,-1.1680216428951193,0,0,1,0,0,0
188,8,1.9933649861142457,-0.6873035845898873,7,1.3146747760559565,0,0,1,0,1,0
189,5,-0.4508063289150788,-0.7254529858432314,5,-0.5750013349030926,0,1,0,0,0,1
190,5,-0.2649215018718515,-1.3322101295868964,5,-0.9744450656749241,0,0,1,0,1,0
191,5,-0.25674346660421277,-0.6200879728578049,5,-0.808522285200471,0,0,1,0,0,0
192,4,-0.7628790606766243,0.3345553775532608,4,0.9428848420298671,0,0,1,0,1,0
193,4,-0.25055113488316466,1.2564992411757456,4,0.509642026346573,0,0,0,0,0,0
194,7,0.2198253845775054,-0.3019167760101856,7,-0.8914836754376975,0,1,0,0,0,0
195,6,0.3112333908131173,0.17257180873945827,6,-1.3093632707066905,0,0,1,0,0,1
196,4,0.8290534553414993,-2.06340698694266,3,1.2501492503158913,1,0,0,0,0,1
197,3,-0.8416890634196801,0.0968785522844099,3,0.3683003985350018,1,0,0,0,1,0
198,2,-1.3869752918803786,-1.8590351945140307,2,1.5574136586019156,1,0,0,1,0,0
199,4,-0.8139931486637912,-1.581997875888555,4,0.700145959483908,1,0,0,0,1,0
200,5,0.7063665155538091,-1.1832458008833622,5,0.11634358374046193,0,0,0,1,0,0
